# Winning seeds
# LevelId: 128244944
# Model: 10 checks @ p=0.5 (fallback due to fetch/decode error)
# Generated: 2025-12-16T00:58:41.997Z
# Seeds tested: 200000

1954
50410
50795
52570
3590
3623
101503
101554
101767
102303
55495
58404
104094
58701
153287
104843
6214
6511
8430
8481
8703
8970
9002
60490
60871
61084
106762
156094
156424
11018
11209
11701
13619
109140
16243
16540
158333
158421
18783
19322
19937
21799
22231
22561
158964
24150
24317
159015
159119
159170
62682
65330
65381
65536
66130
66466
110035
68670
68921
70399
70696
71512
161089
73320
73586
73598
75670
75758
161521
76507
161818
161853
25154
27261
27753
29231
29312
30068
30235
32154
32307
32608
32748
34314
35063
35339
35494
36937
78512
78699
80906
81502
111843
111931
112680
114281
164010
83507
166899
166935
40369
42684
168413
44603
44654
44876
45032
89318
45415
91093
47227
47524
47575
47874
48171
94014
168710
97234
98855
171010
171169
171409
171631
171930
171981
173601
174629
176976
179171
179920
181387
182568
184166
184430
186567
186897
187078
192159
192244
192346
194351
194947
195137
195188
195235
197262
197991
117190
117951
118002
122185
122271
122700
122946
122997
125348
125491
125753
125788
127266
127860
128139
129890
130187
134885
134992
135379
138479
138701
140042
140077
142998
143474
143747
143835
145801
147993
